Results:
delta_w = 0.3518583772023254
time_calc = 2048.161116361618

Parameters:
N = 150
R = 60
sigma = 1.6
time_max = 1000
seed_num = 38958