Results:
delta_w = 0.35814156250951035
time_calc = 2058.657650232315

Parameters:
N = 150
R = 60
sigma = 1.6
time_max = 1000
seed_num = 38958