Results:
delta_w = 0.43982297150284344
time_calc = 1026.5023584365845

Parameters:
N = 150
R = 60
sigma = 1.6
time_max = 500
seed_num = 38958