Results:
delta_w = 0.1822123739083472
time_calc = 2092.0411901474

Parameters:
N = 150
R = 60
sigma = 1.6
time_max = 1000
seed_num = 38958