Results:
delta_w = 0.45238934211721027
time_calc = 1021.6490812301636

Parameters:
N = 150
R = 60
sigma = 1.6
time_max = 500
seed_num = 38958