Results:
delta_w = 0.4523893421172107
time_calc = 1031.8836998939514

Parameters:
N = 150
R = 60
sigma = 1.6
time_max = 500
seed_num = 38958