Results:
delta_w = 0.32044084846218457
time_calc = 4100.324892282486

Parameters:
N = 150
R = 60
sigma = 1.6
time_max = 2000
seed_num = 38958