Results:
delta_w = 0.3078760800520355
time_calc = 2061.3901324272156

Parameters:
N = 150
R = 60
sigma = 1.6
time_max = 1000
seed_num = 38958