Results:
delta_w = 0.4272566008883527
time_calc = 511.93586349487305

Parameters:
N = 150
R = 60
sigma = 1.6
time_max = 250
seed_num = 38958