Results:
delta_w = 0.1696451550682152
time_calc = 4089.3937163352966

Parameters:
N = 150
R = 60
sigma = 1.6
time_max = 2000
seed_num = 38958