Results:
delta_w = 0.47752208334580626
time_calc = 510.06417894363403

Parameters:
N = 150
R = 60
sigma = 1.6
time_max = 250
seed_num = 38958