Results:
delta_w = 0.40212385965974295
time_calc = 1060.616306066513

Parameters:
N = 150
R = 60
sigma = 1.6
time_max = 500
seed_num = 38958