Results:
delta_w = 0.45238934211707926
time_calc = 509.3821954727173

Parameters:
N = 150
R = 60
sigma = 1.6
time_max = 250
seed_num = 38958