Results:
delta_w = 0.4775220833459448
time_calc = 1021.1188950538635

Parameters:
N = 150
R = 60
sigma = 1.6
time_max = 500
seed_num = 38958