Results:
delta_w = 0.4335397861957233
time_calc = 2049.2322177886963

Parameters:
N = 150
R = 60
sigma = 1.6
time_max = 1000
seed_num = 38958