Results:
delta_w = 0.15079569339396937
time_calc = 4109.252516746521

Parameters:
N = 150
R = 60
sigma = 1.6
time_max = 2000
seed_num = 38958