Results:
delta_w = 0.24818457871090827
time_calc = 4108.3513906002045

Parameters:
N = 150
R = 60
sigma = 1.6
time_max = 2000
seed_num = 38958