Results:
delta_w = 0.006283122475959857
time_calc = 14.266025066375732

Parameters:
N = 10
R = 4
sigma = 0.7
time_max = 1000
seed_num = 397632