Results:
delta_w = 0.056548102283636936
time_calc = 338.3717544078827

Parameters:
N = 60
R = 24
sigma = 0.7
time_max = 1000
seed_num = 397632