Results:
delta_w = 0.14451326206309378
time_calc = 6171.198922395706

Parameters:
N = 100
R = 40
sigma = 0.7
time_max = 3000
seed_num = 567632