Results:
delta_w = 0.5277875658034126
time_calc = 1124.3448510169983

Parameters:
N = 150
R = 60
sigma = 1.7
time_max = 500
seed_num = 38958