Results:
delta_w = 0.4963716392675668
time_calc = 2209.4052016735077

Parameters:
N = 150
R = 60
sigma = 1.7
time_max = 1000
seed_num = 38958