Results:
delta_w = 0.6534512719468921
time_calc = 496.9809579849243

Parameters:
N = 150
R = 60
sigma = 1.7
time_max = 250
seed_num = 38958