Results:
delta_w = 0.5152211951891199
time_calc = 2213.738614320755

Parameters:
N = 150
R = 60
sigma = 1.7
time_max = 1000
seed_num = 38958