Results:
delta_w = 0.578047267788286
time_calc = 2138.8705632686615

Parameters:
N = 150
R = 60
sigma = 1.7
time_max = 1000
seed_num = 38958