Results:
delta_w = 0.3958367159854559
time_calc = 1956.5419664382935

Parameters:
N = 150
R = 60
sigma = 1.7
time_max = 1000
seed_num = 38958