Results:
delta_w = 0.44610169579313474
time_calc = 1969.2175991535187

Parameters:
N = 150
R = 60
sigma = 1.7
time_max = 1000
seed_num = 38958