Results:
delta_w = 0.46495571273157665
time_calc = 982.5062737464905

Parameters:
N = 150
R = 60
sigma = 1.7
time_max = 500
seed_num = 38958