Results:
delta_w = 0.5152160430286892
time_calc = 2128.121439933777

Parameters:
N = 150
R = 60
sigma = 1.7
time_max = 1000
seed_num = 38958