Results:
delta_w = 0.5529203070321462
time_calc = 1076.3099617958069

Parameters:
N = 150
R = 60
sigma = 1.7
time_max = 500
seed_num = 38958