Results:
delta_w = 0.603185789489439
time_calc = 554.2339069843292

Parameters:
N = 150
R = 60
sigma = 1.7
time_max = 250
seed_num = 38958