Results:
delta_w = 0.5152211951890449
time_calc = 972.6305415630341

Parameters:
N = 150
R = 60
sigma = 1.7
time_max = 500
seed_num = 38958