Results:
delta_w = 0.5026548245746785
time_calc = 977.0059111118317

Parameters:
N = 150
R = 60
sigma = 1.7
time_max = 500
seed_num = 38958