Results:
delta_w = 0.5466371217250412
time_calc = 2212.1806774139404

Parameters:
N = 150
R = 60
sigma = 1.7
time_max = 1000
seed_num = 38958