Results:
delta_w = 0.521499165504649
time_calc = 1974.5382750034332

Parameters:
N = 150
R = 60
sigma = 1.7
time_max = 1000
seed_num = 38958