Results:
delta_w = 0.6283185307183472
time_calc = 986.921724319458

Parameters:
N = 150
R = 60
sigma = 1.7
time_max = 500
seed_num = 38958