Results:
delta_w = 0.5780530482607125
time_calc = 584.3417196273804

Parameters:
N = 150
R = 60
sigma = 1.7
time_max = 250
seed_num = 38958