Results:
delta_w = 0.5277875658032589
time_calc = 599.4321229457855

Parameters:
N = 150
R = 60
sigma = 1.7
time_max = 250
seed_num = 38958