Results:
delta_w = 0.5277875658032594
time_calc = 537.1036608219147

Parameters:
N = 150
R = 60
sigma = 1.7
time_max = 250
seed_num = 38958