Results:
delta_w = 0.7037167544043461
time_calc = 509.14143443107605

Parameters:
N = 150
R = 60
sigma = 1.7
time_max = 250
seed_num = 38958