Results:
delta_w = 0.5780530482607116
time_calc = 498.03672790527344

Parameters:
N = 150
R = 60
sigma = 1.7
time_max = 250
seed_num = 38958