Results:
delta_w = 0.5403539364177785
time_calc = 993.7175240516663

Parameters:
N = 150
R = 60
sigma = 1.7
time_max = 500
seed_num = 38958