Results:
delta_w = 0.45238934211721116
time_calc = 993.1509191989899

Parameters:
N = 150
R = 60
sigma = 1.7
time_max = 500
seed_num = 38958