Results:
delta_w = 0.6031857894894395
time_calc = 549.547132730484

Parameters:
N = 150
R = 60
sigma = 1.7
time_max = 250
seed_num = 38958