Results:
delta_w = 0.40212385965980113
time_calc = 2240.3708488941193

Parameters:
N = 150
R = 60
sigma = 1.7
time_max = 1000
seed_num = 38958