Results:
delta_w = 0.6031857894896135
time_calc = 1106.77548289299

Parameters:
N = 150
R = 60
sigma = 1.7
time_max = 500
seed_num = 38958