Results:
delta_w = 0.5529203070322262
time_calc = 2225.4964327812195

Parameters:
N = 150
R = 60
sigma = 1.7
time_max = 1000
seed_num = 38958