Results:
delta_w = 0.439818573317174
time_calc = 2006.3061406612396

Parameters:
N = 150
R = 60
sigma = 1.7
time_max = 1000
seed_num = 38958