Results:
delta_w = 0.5529203070319859
time_calc = 497.0206632614136

Parameters:
N = 150
R = 60
sigma = 1.7
time_max = 250
seed_num = 38958