Results:
delta_w = 0.6785840131756187
time_calc = 491.24324584007263

Parameters:
N = 150
R = 60
sigma = 1.7
time_max = 250
seed_num = 38958