Results:
delta_w = 0.5780530482607125
time_calc = 486.9043884277344

Parameters:
N = 150
R = 60
sigma = 1.7
time_max = 250
seed_num = 38958