Results:
delta_w = 0.35185661791926215
time_calc = 4420.546244859695

Parameters:
N = 150
R = 60
sigma = 1.7
time_max = 2000
seed_num = 38958