Results:
delta_w = 0.6283185307181665
time_calc = 491.51713037490845

Parameters:
N = 150
R = 60
sigma = 1.7
time_max = 250
seed_num = 38958