Results:
delta_w = 0.3644211036056584
time_calc = 1991.0206363201141

Parameters:
N = 150
R = 60
sigma = 1.7
time_max = 1000
seed_num = 38958