Results:
delta_w = 0.5277875658034117
time_calc = 990.2082350254059

Parameters:
N = 150
R = 60
sigma = 1.7
time_max = 500
seed_num = 38958