Results:
delta_w = 0.5152211951890453
time_calc = 1092.6511721611023

Parameters:
N = 150
R = 60
sigma = 1.7
time_max = 500
seed_num = 38958