Results:
delta_w = 0.14660765716552548
time_calc = 5127.458168745041

Parameters:
N = 100
R = 40
sigma = 0.7
time_max = 4000
seed_num = 567632