Results:
delta_w = 0.13822731221179252
time_calc = 501.6608910560608

Parameters:
N = 100
R = 40
sigma = 0.7
time_max = 500
seed_num = 567632