Results:
delta_w = 0.012566370614367273
time_calc = 980.8692762851715

Parameters:
N = 150
R = 60
sigma = 0.7
time_max = 500
seed_num = 38958