Results:
delta_w = 0.050265482457474864
time_calc = 2193.7205064296722

Parameters:
N = 150
R = 60
sigma = 0.7
time_max = 1000
seed_num = 38958