Results:
delta_w = 0.03769892334849212
time_calc = 9610.465792894363

Parameters:
N = 150
R = 60
sigma = 0.7
time_max = 2000
seed_num = 38958