Results:
delta_w = 0.04398207723990799
time_calc = 5716.495002269745

Parameters:
N = 150
R = 60
sigma = 0.7
time_max = 2000
seed_num = 38958