Results:
delta_w = 0.012566370614369937
time_calc = 2298.9748573303223

Parameters:
N = 150
R = 60
sigma = 0.7
time_max = 1000
seed_num = 38958