Results:
delta_w = 0.012566370614368605
time_calc = 1974.9585783481598

Parameters:
N = 150
R = 60
sigma = 0.7
time_max = 1000
seed_num = 38958