Results:
delta_w = 0.05026548245745355
time_calc = 500.8103482723236

Parameters:
N = 150
R = 60
sigma = 0.7
time_max = 250
seed_num = 38958