Results:
delta_w = 0.028274192511369645
time_calc = 3967.9599871635437

Parameters:
N = 150
R = 60
sigma = 0.7
time_max = 2000
seed_num = 38958