Results:
delta_w = 0.0031415769457074916
time_calc = 3905.340846300125

Parameters:
N = 150
R = 60
sigma = 0.7
time_max = 2000
seed_num = 38958