Results:
delta_w = 0.10053096491493596
time_calc = 1063.2679698467255

Parameters:
N = 150
R = 60
sigma = 0.7
time_max = 500
seed_num = 38958