Results:
delta_w = 0.037699111843101374
time_calc = 1252.445438861847

Parameters:
N = 150
R = 60
sigma = 0.7
time_max = 500
seed_num = 38958