Results:
delta_w = 0.05026548245746776
time_calc = 1073.9307096004486

Parameters:
N = 150
R = 60
sigma = 0.7
time_max = 500
seed_num = 38958