Results:
delta_w = 0.10053096491490665
time_calc = 532.8999824523926

Parameters:
N = 150
R = 60
sigma = 0.7
time_max = 250
seed_num = 38958