Results:
delta_w = 0.037699111843100486
time_calc = 1285.0853242874146

Parameters:
N = 150
R = 60
sigma = 0.7
time_max = 500
seed_num = 38958