Results:
delta_w = 0.012566370614366384
time_calc = 977.4790534973145

Parameters:
N = 150
R = 60
sigma = 0.7
time_max = 500
seed_num = 38958