Results:
delta_w = 0.08796459430056824
time_calc = 1086.4588406085968

Parameters:
N = 150
R = 60
sigma = 0.7
time_max = 500
seed_num = 38958