Results:
delta_w = 0.09424777960776565
time_calc = 3134.574997663498

Parameters:
N = 150
R = 60
sigma = 0.7
time_max = 1000
seed_num = 38958