Results:
delta_w = 0.07539822368617966
time_calc = 545.044184923172

Parameters:
N = 150
R = 60
sigma = 0.7
time_max = 250
seed_num = 38958