Results:
delta_w = 0.0251327412287341
time_calc = 989.6114737987518

Parameters:
N = 150
R = 60
sigma = 0.7
time_max = 500
seed_num = 38958