Results:
delta_w = 0.015707884728538346
time_calc = 3935.9552245140076

Parameters:
N = 150
R = 60
sigma = 0.7
time_max = 2000
seed_num = 38958