Results:
delta_w = 0.02513274122872655
time_calc = 565.9585721492767

Parameters:
N = 150
R = 60
sigma = 0.7
time_max = 250
seed_num = 38958