Results:
delta_w = 0.0062831853071845245
time_calc = 1963.2021520137787

Parameters:
N = 150
R = 60
sigma = 0.7
time_max = 1000
seed_num = 38958