Results:
delta_w = 0.012566370614367273
time_calc = 1137.3156123161316

Parameters:
N = 150
R = 60
sigma = 0.7
time_max = 500
seed_num = 38958