Results:
delta_w = 0.006283185307183636
time_calc = 1973.659506559372

Parameters:
N = 150
R = 60
sigma = 0.7
time_max = 1000
seed_num = 38958