Results:
delta_w = 0.11623834699118474
time_calc = 4378.546435832977

Parameters:
N = 150
R = 60
sigma = 0.7
time_max = 2000
seed_num = 38958