Results:
delta_w = 0.04398207723990799
time_calc = 3970.859956741333

Parameters:
N = 150
R = 60
sigma = 0.7
time_max = 2000
seed_num = 38958