Results:
delta_w = 0.006283153891415871
time_calc = 6339.114426851273

Parameters:
N = 150
R = 60
sigma = 0.7
time_max = 2000
seed_num = 38958