Results:
delta_w = 0.025132741228726996
time_calc = 496.5634801387787

Parameters:
N = 150
R = 60
sigma = 0.7
time_max = 250
seed_num = 38958