Results:
delta_w = 0.03455734640278463
time_calc = 6913.209479570389

Parameters:
N = 150
R = 60
sigma = 0.7
time_max = 2000
seed_num = 38958