Results:
delta_w = 0.07539822368620186
time_calc = 1104.3471901416779

Parameters:
N = 150
R = 60
sigma = 0.7
time_max = 500
seed_num = 38958