Results:
delta_w = 0.06283185307184391
time_calc = 4238.702860593796

Parameters:
N = 150
R = 60
sigma = 0.7
time_max = 1000
seed_num = 38958