Results:
delta_w = 0.12147491593803306
time_calc = 715.2000579833984

Parameters:
N = 50
R = 20
sigma = 0.7
time_max = 3000
seed_num = 567632