Results:
delta_w = 0.15079644737135256
time_calc = 10283.571645021439

Parameters:
N = 200
R = 80
sigma = 0.7
time_max = 3000
seed_num = 567632