Results:
delta_w = 0.1466076571665922
time_calc = 2099.6748988628387

Parameters:
N = 90
R = 36
sigma = 0.7
time_max = 3000
seed_num = 567632