Results:
delta_w = 0.14870205226897237
time_calc = 2607.0485837459564

Parameters:
N = 100
R = 40
sigma = 0.7
time_max = 3000
seed_num = 567632