Results:
delta_w = 0.06283185307139671
time_calc = 130.12216663360596

Parameters:
N = 20
R = 8
sigma = 0.7
time_max = 3000
seed_num = 567632