Results:
delta_w = 0.09424777960709463
time_calc = 531.534746170044

Parameters:
N = 40
R = 16
sigma = 0.7
time_max = 3000
seed_num = 567632