Results:
delta_w = 0.012566370614368605
time_calc = 418.3479816913605

Parameters:
N = 70
R = 24
sigma = 0.7
time_max = 1000
seed_num = 64856