Results:
delta_w = 0.08168140899339704
time_calc = 408.87867522239685

Parameters:
N = 70
R = 24
sigma = 0.7
time_max = 1000
seed_num = 76013