Results:
delta_w = 0.026703537555240242
time_calc = 1659.9215908050537

Parameters:
N = 70
R = 24
sigma = 0.7
time_max = 4000
seed_num = 27501