Results:
delta_w = 0.039269908169470735
time_calc = 1660.967749118805

Parameters:
N = 70
R = 24
sigma = 0.7
time_max = 4000
seed_num = 38958