Results:
delta_w = 0.10681415021662577
time_calc = 27848.66774559021

Parameters:
N = 100
R = 40
sigma = 0.7
time_max = 3000
seed_num = 567632