Results: 
delta_w = 0.9655161421896583 
time_calc = 1844.8012413978577 
 
Parameters: 
N = 60 
R = 21 
sigma = 1.9 
time_max = 3000 
seed_num = 567632 
