Results:
delta_w = 0.02984513020879742
time_calc = 3196.8269262313843

Parameters:
N = 100
R = 35
sigma = 1.3
time_max = 4000
seed_num = 769265