Results:
delta_w = 0.00942477796067287
time_calc = 3190.59760761261

Parameters:
N = 100
R = 35
sigma = 1.2
time_max = 4000
seed_num = 769265