Results:
delta_w = 0.0015707963267788116
time_calc = 3208.0008335113525

Parameters:
N = 100
R = 35
sigma = 0.7
time_max = 4000
seed_num = 769265