Results:
delta_w = 0.029845130208799198
time_calc = 13929.856743097305

Parameters:
N = 200
R = 70
sigma = 1.1
time_max = 4000
seed_num = 769265