Results:
delta_w = 0.025132741228460986
time_calc = 13390.522583961487

Parameters:
N = 200
R = 70
sigma = 1.2
time_max = 4000
seed_num = 769265