Results:
delta_w = 0.0015707963267788116
time_calc = 11892.664885282516

Parameters:
N = 200
R = 70
sigma = 0.7
time_max = 4000
seed_num = 769265