Results:
delta_w = 0.03769911184310626
time_calc = 806.0102663040161

Parameters:
N = 100
R = 35
sigma = 1.2
time_max = 1000
seed_num = 769265