Results:
delta_w = 0.056548667764658944
time_calc = 3814.9766907691956

Parameters:
N = 200
R = 70
sigma = 1.1
time_max = 1000
seed_num = 769265