Results:
delta_w = 0.05026548245747531
time_calc = 3120.1469700336456

Parameters:
N = 200
R = 70
sigma = 1.0
time_max = 1000
seed_num = 769265