Results:
delta_w = 0.08796459430058068
time_calc = 805.344053030014

Parameters:
N = 100
R = 35
sigma = 1.4
time_max = 1000
seed_num = 769265