Results:
delta_w = 0.05183627878370167
time_calc = 3202.750545024872

Parameters:
N = 100
R = 35
sigma = 1.4
time_max = 4000
seed_num = 769265