Results:
delta_w = 0.006283185307115247
time_calc = 3209.603926897049

Parameters:
N = 100
R = 35
sigma = 0.9
time_max = 4000
seed_num = 769265