Results:
delta_w = 0.08639379797283642
time_calc = 3188.6267199516296

Parameters:
N = 100
R = 35
sigma = 1.5
time_max = 4000
seed_num = 769265