Results:
delta_w = 0.16179202165822115
time_calc = 3102.01181435585

Parameters:
N = 100
R = 35
sigma = 1.6
time_max = 4000
seed_num = 769265