Results:
delta_w = 0.037698734855758254
time_calc = 1014.6591618061066

Parameters:
N = 100
R = 40
sigma = 0.7
time_max = 1000
seed_num = 23478