Results:
delta_w = 0.020943951023798757
time_calc = 6009.715644598007

Parameters:
N = 300
R = 30
sigma = 0.565
time_max = 3000
seed_num = 567632