Results:
delta_w = 0.0104719755118996
time_calc = 291.51438903808594

Parameters:
N = 60
R = 6
sigma = 0.565
time_max = 3000
seed_num = 567632