Results:
delta_w = 0.012566370614279343
time_calc = 603.9574432373047

Parameters:
N = 90
R = 9
sigma = 0.565
time_max = 3000
seed_num = 567632