Results:
delta_w = 0.012566370614279343
time_calc = 4179.945866346359

Parameters:
N = 250
R = 25
sigma = 0.565
time_max = 3000
seed_num = 567632