Results:
delta_w = 0.016755160819039272
time_calc = 216.6443383693695

Parameters:
N = 50
R = 5
sigma = 0.565
time_max = 3000
seed_num = 567632