Results:
delta_w = 0.020943951023646434
time_calc = 3232.9807155132294

Parameters:
N = 90
R = 31
sigma = 0.7
time_max = 4000
seed_num = 567632