Results:
delta_w = 0.0020943951023646434
time_calc = 382.2974467277527

Parameters:
N = 30
R = 10
sigma = 0.7
time_max = 4000
seed_num = 567632