Results: 
delta_w = 0.7916813486995968 
time_calc = 2485.408809185028 
 
Parameters: 
N = 100 
R = 35 
sigma = 1.7 
time_max = 3000 
seed_num = 567632 
