Results: 
delta_w = 0.22410027595464843 
time_calc = 4283.5173761844635 
 
Parameters: 
N = 100 
R = 35 
sigma = 1.1 
time_max = 3000 
seed_num = 567632 
