Results: 
delta_w = 0.00837758040951897 
time_calc = 2322.283277988434 
 
Parameters: 
N = 100 
R = 35 
sigma = 0.4 
time_max = 3000 
seed_num = 567632 
