Results: 
delta_w = 1.1079350091589601 
time_calc = 2397.949387550354 
 
Parameters: 
N = 100 
R = 35 
sigma = 1.9 
time_max = 3000 
seed_num = 567632 
