Results: 
delta_w = 0.0020943951023797425 
time_calc = 3010.057288646698 
 
Parameters: 
N = 100 
R = 35 
sigma = 0.3 
time_max = 3000 
seed_num = 567632 
