Results: 
delta_w = 0.0104719755118996 
time_calc = 3041.5253036022186 
 
Parameters: 
N = 100 
R = 35 
sigma = 0.5 
time_max = 3000 
seed_num = 567632 
