Results: 
delta_w = 0.26179938779748646 
time_calc = 2776.114302635193 
 
Parameters: 
N = 100 
R = 35 
sigma = 1.2 
time_max = 3000 
seed_num = 567632 
