Results: 
delta_w = 0.4963716392640327 
time_calc = 2890.463366508484 
 
Parameters: 
N = 100 
R = 35 
sigma = 1.5 
time_max = 3000 
seed_num = 567632 
