Results: 
delta_w = 0.06073745796901697 
time_calc = 3194.7720680236816 
 
Parameters: 
N = 100 
R = 35 
sigma = 0.7 
time_max = 3000 
seed_num = 567632 
