Results: 
delta_w = 0.14032447185945252 
time_calc = 3255.3426220417023 
 
Parameters: 
N = 100 
R = 35 
sigma = 0.9 
time_max = 3000 
seed_num = 567632 
