Results: 
delta_w = 0.3937462792474191 
time_calc = 2934.0721962451935 
 
Parameters: 
N = 100 
R = 35 
sigma = 1.4 
time_max = 3000 
seed_num = 567632 
