Results: 
delta_w = 0.00837758040951897 
time_calc = 2456.2654671669006 
 
Parameters: 
N = 100 
R = 35 
sigma = 0.6 
time_max = 3000 
seed_num = 567632 
