Results:
delta_w = 0.1319455719951521
time_calc = 467.87571811676025

Parameters:
N = 70
R = 28
sigma = 1.4
time_max = 1000
seed_num = 38958