Results:
delta_w = 0.628312247595963
time_calc = 457.3601276874542

Parameters:
N = 70
R = 28
sigma = 1.8
time_max = 1000
seed_num = 38958