Results:
delta_w = 0.03769873485575759
time_calc = 477.21957516670227

Parameters:
N = 70
R = 28
sigma = 0.5
time_max = 1000
seed_num = 38958