Results:
delta_w = 0.9110527590141468
time_calc = 464.94053983688354

Parameters:
N = 70
R = 28
sigma = 2.0
time_max = 1000
seed_num = 38958