Results:
delta_w = 0.006283122475959857
time_calc = 468.99256896972656

Parameters:
N = 70
R = 28
sigma = 1.0
time_max = 1000
seed_num = 38958