Results:
delta_w = 0.01256624495191927
time_calc = 473.7752935886383

Parameters:
N = 70
R = 28
sigma = 0.1
time_max = 1000
seed_num = 38958