Results:
delta_w = 0.07749261878805536
time_calc = 1262.2863035202026

Parameters:
N = 70
R = 24
sigma = 0.7
time_max = 3000
seed_num = 567632