Results:
delta_w = 0.06702064327615664
time_calc = 496.08633947372437

Parameters:
N = 40
R = 14
sigma = 0.7
time_max = 3000
seed_num = 567632