Results:
delta_w = 0.18221237390705003
time_calc = 36932.14771580696

Parameters:
N = 400
R = 140
sigma = 0.7
time_max = 3000
seed_num = 567632