Results:
delta_w = 0.11938052083565331
time_calc = 993.8390579223633

Parameters:
N = 60
R = 21
sigma = 0.7
time_max = 3000
seed_num = 567632