Results:
delta_w = 0.08587019919757521
time_calc = 2489.986607313156

Parameters:
N = 100
R = 35
sigma = 0.7
time_max = 3000
seed_num = 567632