Results:
delta_w = 0.18011797880466984
time_calc = 21889.700337409973

Parameters:
N = 300
R = 105
sigma = 0.7
time_max = 3000
seed_num = 567632