Results:
delta_w = 0.029321531433318615
time_calc = 1158.9484181404114

Parameters:
N = 80
R = 16
sigma = 0.7
time_max = 3000
seed_num = 567632