Results:
delta_w = 0.02513274122855913
time_calc = 426.2591075897217

Parameters:
N = 50
R = 10
sigma = 0.7
time_max = 3000
seed_num = 567632