Results:
delta_w = 0.02513274122855913
time_calc = 2024.0496916770935

Parameters:
N = 100
R = 20
sigma = 0.7
time_max = 3000
seed_num = 567632