Results:
delta_w = 0.025132741228558242
time_calc = 30.545644283294678

Parameters:
N = 10
R = 2
sigma = 0.7
time_max = 3000
seed_num = 567632