Results:
delta_w = 0.0209439510237992
time_calc = 744.088996887207

Parameters:
N = 70
R = 14
sigma = 0.7
time_max = 3000
seed_num = 567632