Results:
delta_w = 0.40211983846141663
time_calc = 401.36194252967834

Parameters:
N = 70
R = 24
sigma = 1.9
time_max = 1000
seed_num = 769265