Results:
delta_w = 0.006283122475959857
time_calc = 394.3302848339081

Parameters:
N = 70
R = 24
sigma = 0.2
time_max = 1000
seed_num = 769265