Results:
delta_w = 0.012566244951918826
time_calc = 1083.9185242652893

Parameters:
N = 70
R = 24
sigma = 0.7
time_max = 1000
seed_num = 769265