Results:
delta_w = 0.04398185733171722
time_calc = 380.6983323097229

Parameters:
N = 70
R = 24
sigma = 1.0
time_max = 1000
seed_num = 769265