Results:
delta_w = 0.006283122475959857
time_calc = 414.13619661331177

Parameters:
N = 70
R = 24
sigma = 0.3
time_max = 1000
seed_num = 769265