Results:
delta_w = 0.031415926535333316
time_calc = 8810.3207218647

Parameters:
N = 90
R = 36
sigma = 0.7
time_max = 12000
seed_num = 64856