Results:
delta_w = 0.0942468371393943
time_calc = 766.3530797958374

Parameters:
N = 90
R = 36
sigma = 0.7
time_max = 1000
seed_num = 23478