Results:
delta_w = 0.06911434723555576
time_calc = 866.8239498138428

Parameters:
N = 90
R = 36
sigma = 0.7
time_max = 1000
seed_num = 7284