Results:
delta_w = 0.11937932704323284
time_calc = 7697.930733919144

Parameters:
N = 300
R = 120
sigma = 0.7
time_max = 1000
seed_num = 38958