Results:
delta_w = 0.17383479349753062
time_calc = 8769.442945480347

Parameters:
N = 200
R = 70
sigma = 0.7
time_max = 3000
seed_num = 263784